# n
431
# k
345
# w
10
# H^transpose (each line corresponds to a column of H, the identity part is omitted)
10100000110011100100010110001001100100100011001111111001111000011001101001000110111001
01001101010110101001000100110001100000100001000011010101101001011110110000101011010001
01101111011011001011010011111101101110111011001001001010100101000011111110101101110000
11100000101100000010111110000000110100111101111011011111000111010001000011001000100101
10010100010100101101111100110111101100110110110100111011100001001100110011110111111011
10010011101001001101101010000101100000011011100000010011101101010011100011010000011000
00000001000100100011100001111001111111100001101000110010100011100010010001100011101101
11001101111000100100010001001001100000010110000011001011000001100000110111011000011100
00111100110100010111101000001011110011001000100110100001011101011000011100000111101101
11110000010011001101000001101001010000111011100110101111100010001011111001011101000100
11011010101000100010111100111001111100000011101100111000001100101010101010100011111001
10110100100111000000111100010111001000010110101110000010110110000110001001100010011111
00010101011100110100101110000100010110011111011111101010001000000111000100100101000100
10111110111101100110101101001011100011010000111110101010110001101010100000110000111101
00000001010001111101101111110111000000000100111010010111011000101000100011011000000011
00111001110010101011001001101100001111000110100110111101000111101001111011010100100010
11011000000011010110100001000001000101010011110100010101011111010100000110100010110110
00101010100100001011001000101001011011100100111011110011011100110011000111010000111111
11011010011100000111001011011110110101111011011011110100100000101001110101100100001100
11100110100000101100001110010101001111011010101000100011001110111111100100111001001111
00010111101000101011100111001101100000111000101000110000100111110100100111111100011111
10111110000111101101000000101110101110101101111011001101110100000001001101000000101000
00110111110001110110010000011100110101001000011101100110100100000100011001110001111110
00000010011100010111001011101110100111010000110000000100001000000100000001101001010001
10000000111011100110101001100000111110111010010011110010110101110011001001101001111011
10011100001111100011100111000011011100010011000001011110011001010011111010110010100110
01011001011111110001010000111101100010011101001011011001111010010110111011101110010110
11011100000001001010001100110010100001001011000110110010110110101011100100001000000101
11111011110110000100100000111100010110101111001001111011001000111111010100000000100010
10000100010001011011110001101100011111110100100101110100110101000011010101101100101000
11010111101110111111111011101111011111110100011101000001001110111011000101001000110110
10010100000100011110010001000101011100010010100011000000100111001001010101110110111101
11101001111100000100011011100001010010100010111100110011011101110001110100011011110010
11110010101111001010100101011000111101010110100111001010001011011101100110110011101011
01011101100101111011001100011111101001111101101111100001010100011000001000100111011100
00011100010111000111100101101000100011101011110100111000101101011001011111101110110001
00110010010111001001111010100110100110110001001100011011111011000110010110100001010000
11010011110010110011100110100100110010111100111111001110110000100010100100101011111101
00111100000010010010100110000001110010000100000111110111101001010010001110110101101110
10100011110000001111001100000101011000100100110001000010000011000101001111001000000011
10001101000001101110111100000010101001111111100101101010010010100011111000010010010111
01100110000110011110000011101101010111110011110001000011001011110101010000000000101101
10101100001111101100111001110000100011000100100101001100000101011010011101001110101001
10010011100101100110010010010001000101110000100000011111100011110001111000100010001000
00000000101011000100001100100101010100000010101100001011001111001110001010101100000101
11110111101000101100011110101000101110000100010000011001101110111001111000001010011101
00011111001000000001100011110001000100011001101001001111111101111110111001101011001100
01100010000110000011111110000110110111001110101100001100100010000101101010010001010110
00001101000011101101110001000100110010000111101010100000010100010011100110010100001001
11100001001001000010000010010100010110100101001000011100100011100100011110100110000000
01111101101110010011011010101101100010010000001001101010001011100000100100111110011100
10100100111100000111101100111001000010011101001011001110010001001011100010000001101111
01000101011011100100001101001011110110011011001110100101000010010110000100001101000000
00101101100101001110110101010000010100000110000000001010100001000110001100010111000100
00010100000001100001010000011000000100100001010100101111010110100110101001100010101010
00001001010001000101010110111011011110000011001010111011110010111111010101100101011001
00111011000011101110000111001101100101100010111010011100111011001110110110000100001000
10011011011101011111101000010111100100111110110011011110010110011101100100010111011011
10000100101000100010000110010110000111010100100110010101001101100011101100000001000001
00110110111010001000111110100101101110010000111111011101110111000100110111101001101100
11110111110011000011110101000010110101010110110111110000111011110111011011110111100010
10010100110011000001110010000000001000111001100111101100100100110100101110000100000110
01010000100010010011011011010000101001110001111100001011001001001000011010011100111011
00100011001001011000100010110111101110101110110110100101100101011110100001100001010011
00000011000110111010111010000111110100000011001011010011001101011011101111010101100010
01101100111110000110100000111010000010101110101111010111111001001000100101111101101010
01000011000100111011000000110110001100101100000100100111110011111001111110100100001110
00101111010110100101111111100000100111111000011100001000001010000101000110111010011100
10010100001101000110010110101001000010000001001100110010000111100111100101011101110010
10111010110111010100101011010000101110100011011010011100010010010000111100001000011101
10010010010010001100010010011010001000110101011101101110010100000111101001000110111111
10100110110000010101111010111011010001010010110001001011110100001111000011101001001001
11100100010111100100001000110101111111010110010011101010011101011001001110010111100000
10101101000101000101101000111001010010100100100011110010010010100111001110001101100100
00011010111110100110101000100010001111101000000111000011111000001100110011011110011100
10101001101001101101100111011011110100100011100010011010011000001100011111000100010000
10100111000111110110111101010101110001011110011110001010000101100001011110001010001011
00110101111111100101110001110010100001100111001110101010011101011011011010010000000010
11110101001001000011111101011000100101110011100000011011101101110101001000011110011011
01101001001100110000110011101011011111100101000011000000011111001011000101101101000010
10101101000000000101001110101100110100001001010111010111001110011001101110101010000011
00000111101001001101111010010110001111000001101111100111100000011011110111010010110000
10100101110010111111001001011000010101001100010000010000001100001101011101100010011000
11110100001011000110010101111110101000001101111101110011111010100010001000110100110001
00011111110000010111101111101000101101100110010111000111000001110000110010111010101000
11001000101001011101100101010010000100001010010000110100101111011111000110111110111101
10000000010010001010110011110010110011001001011011010111000100100110100111111101110101
11110111111101001001001111111101101010000111010101001101101100111001100110100100000100
10101111110000000100001000001011100101101101001111110011110010011000100111111100111101
11010000110000111011111111101111111000010110011000111000100001111111010111001011001001
11011001101010001110100010011111111000011000001100110110100000100110011111010110100100
00010001011010100111111111100010100110000000010001111100010110011100110111011110011101
01100011110000110101111110111111110011010100111000101100001101001101010111110010000101
11011010011011111101011011011000110101100100011101111101111111111100010101111101100000
00001101000111101001001000001010011110001010010111111011100001010001100000111111110010
10100111111111000010001111011010100101000000111000010011100000110100111111011101100001
00110000011100001010100011100101010011110111010010101011000001010011010110010110101110
01100001010111000001100011100101001110101010111101111000000010110001100001010000100001
11111010001101010010000001000000000100001101011111111110000001111010011010001100011110
10100111101010010110100101111000010111101011011000010101011110100111100010011011000100
11001000110111100000100000001001001001010111101000001101101000111110000000100010010111
11010010000111011110011000110011101110110100010110001110001101110100001001101101100100
00011100001011001110000101110101110111101011011101110010010100110100010001110111010100
11000100011000111001101001110100000000111111100101101111011011100110110010111101110001
00101011100010111100001000111101100100000011000100110111100010111111001010011000000001
10011001110111000000100001111111010101101010011110100100001011110110000001001000100111
00111000011110100000010001100111111101001001001001011001011110101101010001110011011111
00111011101001100111001010011101111101101011000101011111010101111000101111111101001000
10100101001110100101000001100000101111001000000100101110100100000011101001001100011100
00011010100000110000011011010110110000010100000011000011100001001111010111001111100001
00111101011101101010110110001100011110001010000101010101000001001010010100011110110100
00001001100100000111101001010100101101110111100011100100100011101100111000101111011000
00000001100110110110100101011011101000101101000011101011011100100001011111000001111101
01000111000001011110001010000110110011100000100110110110101111100011110101000110001111
01011110111110010100011100011111000000011111111110100101100100111100000111000000001111
00111011000001001100010000110101111111001011010110000010110000001111101110110010111000
01010101111101010111010000001110111000000001111100101000011001110010110100010111101001
01110101000001100100010101101111011110111011101110100010010100100101010110000101000011
10011110010010010001001111101010010101101000011010011111011100001010101100110011111101
00110000010111100110100011100100000000111011110100100110001110101110001000011110011110
00100110111010011000111111001010000101100111111100000000110110101100101101000111011110
11111010000001100101010010010111100100110101101000101110111010001011000000101011010101
01011000011000010100111000011111110110110001000111110100110000010110011100111011011110
00000100101000101110010110110110001001110011110110001000110111011100000110000111111111
00100110001001011101000001001111011101110011110010010111001000000100000011000011100010
11110101111100001001000111101010100100101000100000001011011011000101011101100111111000
00110000001101110010110101010100110000101010011100101001000000101010011010001101101111
01100100001101111110011001010110001101101001000001111011000110010011001100000000100111
01111000101011100111000100000111100111101100110011111100000100110011011100010011100010
00010000011010100100010011011000010011100111000100101100000100001001100011010010000110
11001101110010111010110010110011001110100100000110000001101010000011010100110101011001
11011111000110010001001111001100110001110011010110011000010001110110110100010001110100
01101010001110110101101101100100000011001011101110101100111001010100010001111100100000
11100111100011110110001000110111100001110010010111111100001001011101000101001110111110
11100101011010101000100101101110001001000010001000011001111001100000010011101110010010
00110001000010011011110011000001001010010011101100011100101100011010000000010100100010
00000000010010100100001000011111111001010101100001110110001111011000000101001010110110
10110110110110010001000100100100010110101111101000010000011001111101110101001011110100
10011110001110110111000110110000111001011110010100100101111001010011010100110100000100
11001100011101101001101001010011011110101011010000001100001001111101011101101111100100
10011110111000101000000111010110000110011111011111010010000011111110001101010001101001
01101011101000000011111001011010001011101101101001011000110111001101011010100000101011
11011100100011110001010011000011000001000100110100110100111110100011011000001101110101
10000100100010111101000011101001010101101010100101010001101101111000110111111110110100
00010111000110100110100111011101101101001001010101011010111110010100010011001010000010
01111101110000100010010001111111010111001011111110001101010000100100100110001100110110
10001001011011011001001101010010100110100100001001110001110110001001101111000101100000
11000010111101100100010100010101110001000011101101111010011100111001110011101111111001
11111010001011111010000000111110101101111000001110010100001101010011000101101111000100
01101001101100011101100010110011000111101010011010110011110000100011101110011011100000
11010110101101100001011011100001110010001100100100100000011001101001110101010011100100
11001101010000100001110101111010011000001111010101100110001100101011100111110110101101
00101001110010011010000110100110101100010101010010000101100010100100101010101001011111
00001001001111111111100000110000110110001011100101110010111111111000001001111010011000
01000111110110100100001101110101110001000100101000010010101110101001010001100111000000
11101110010101000111000111111011101110011000111000111100011111110101111111100101101010
01001010101111011110001010001000101101011000101010110011100100000000011000000111011011
11000000100110010101100110110101010100000011101101101111111100011000100101100101001111
11010001100001000011011011011000101001110110010001101111110000111011101000011001111001
00110110101001011011011111111000111001100000011001111100011110111111111100001110101101
01010010111111001100010000000000001111010001011100001110111111100000011000000100010000
11111111010111101100101000011101000010101110101010001011010101100111011110000101111111
00000001011100011010110001110001111011110001010111111011111111011011111010101100101100
10110011101111100110111001011001000111101001010000011111010001110010110001101110100011
11101101000110000100110010001001001011001110000001000011101011011101000001110000000001
11000100001010010110111010000001110011011001010111110010110111111110001100111000001011
01100101100101001111111111000111111001101100000101110011110010100000011110110000011001
00100011001001100001011001000110110011001010100100100001001111011011001010000100011000
11001011100101100110011111000101111001111101111011101000111101010011010101011001100100
01011010111101111000010110101000000000001101100011100100001001110101010010001010100011
00000011000001101010100001010100100100111000100001001111001000001101010110001101011110
10000101010111000011110110100100001110100010111110111101010001011010001001111001000111
10010000110111001101000001101111101010111110110100001010110010111000000100000110010011
00010010001100100011101111001010011100111010011000101101110101111111111111001001100100
01101100100101010100100011001011100100011010011010111101010101110101100100011010000000
11110010101011010010100001001100011011010100100111010011110001101010001100111110011010
10110011010011010001111111001111101101010001110011110011111010001010001100001011100011
00001110100001010010000010111010111001010100110010111111001111001011101010100110110100
00110110001000110111111100010010101010101000010000011110100110110100011110100111010110
11001001111111011010001101001110001101001000011110101001010011101110011110011110111111
11010100011100010100111001001100110100111010000111011001111001011000100110010011010111
01011101011011110111111001011110110010011110011000111101011011001100101111100011001100
10100001111110110110011010001001001000001110110000110000000111101101001010100000001111
00000100110110100001100101110010100001010000001000000110010101110000010010011001000100
10100001001101110110000111110000110000110111011010110000100111010110110011000000000010
11110111100011010110100001100001011011011110101000000100010010110000110000011101111100
01111001101100000011100011011011110000101000010111001110001111111100111100111010001100
11000111010110101100000001110010100001011011110010010011100001101001101000000111100111
10001111110110110011101011011000111110001100100111011110011010010011100010001110101001
10111000000101100110000011101100101011001001011010000101001000101110001011001000010110
11110001001011011010100011111100001111001101100001101101111011101001001110011010001101
01011000000010111100111001100010110111100100001001011000110010010001001011001110011111
00101111110011101110000000101000111111101011010101010011101111111100000110100010010101
00011000001111000101001000000000111000110000101000001110001000110011110101100011010110
00011101110111111001111001100000000110011001110110000100000101110101001100111110001111
10011111011001001010010110111100000101010001110100111110100010100001001000011010011010
00011001110110101001111001011011101110110100000111001101110101010110111101001101111100
10110000000011111010110011100001000011010001110010010111010011010010100000100111000010
01001110000101000010000100111101100110010100010110101100110001011001010010011010001010
11001110100111100100110001101010001010001111101101111001110010110101000111101000000110
10000111100011001111001101100110001111001101111111111101110111100010010001011000000101
01110110111000010011010111100001011110110100010011010110011010001111110010100000101111
01101101101101000010011011000111001111011100010100011110000101100001010000011001101110
11101011011001101100001111110101101101000010000100000101010010000001100011001000101010
00111110101111001110100011110111001100100001110100000101101001001110001010110110110110
01011111011010011011100010011111000000000111100000000111100101110111111111010100101110
00101010100001001001110000001010010011100110011101011001110100011100110110010100100000
01100010000001100100011000010010000100010111011111010000001010111100011101000001001100
01101010001100111000101110100100001001011111110100010001100010111001011111000000100000
01110010111011001100110011001010000011101110000100110101101000001001110010100001111111
00001001011000110100010010101011111110010011011011001000001001010100110101110011100001
10000001100110111110110101101000111111101100011110001110011000010001110101000111011101
00110011101111010010011100100010000100111111001011011101011000100110101000001000011101
11100100110011000111010111001010110110010111110111010101100001001101000000101001001110
01111110000111000011101011110011010010001110101011010101100010011101101010011001100010
11111000011001001101110001010001110111001100111100110010011001001100110101000111100001
00010101100001000001100010010010101011011111010001110011010111000011011111100100110100
11011110110011111011001100110000110000000010101001000000010010111001000110001111000110
10010111000101000011100110110000011111010001011000101011010011010011001010011110001110
11010010010100101101000101001010110001101111111010101101001101101010001111100111011110
11010101010110010011001100011101011001100110000000001110010101011110011001000101101011
11010000101011010110110010011111011010110100111000110111111011001111100000001000001001
01101010010110100011001101110011010111000101110100110111101010000011100001110111000101
01000001001101001001010111000010010110101001111011100110000100111111011011111110110011
11010100111101000011010001000110101000101100011110011100001000011011111100000101001000
00100010011001111110100000100010011011000111011111011000000011011101111100100101000101
11010011100000010011100000011000100000110000110010100110000101110110100001010011011000
10111001111110001111000010101100101101101110010011101010000011010011101010000011001010
01111000001001101110000110111011101110011100111001000001000011111001111101011000111110
01011111010101011010011100111110011001010011110010000100011110001100101111010100110010
10011111000010001001010100100011011101110101000010111010001110101011010000110000101100
10100010100111111001001101101000011000110110001011001111110110000111010001101110001011
11000100001111100110111000111010111111001001001000010010000000100101011000110100100010
01100100110001101111001111010010100111101100101011110110000000110010110111111011101100
01000100111011111010010111111011100100111100011011100101000011100101011001011100010110
01011100000111010100101001110001100010011001101110100111001011011101110101001100011110
01000011101001100111100111011101100101011000111111010001110100001010011111001100000010
11111110011101000011001010000001100100101110101101111001011101101000000100110100100010
00110110000010000111100011111100010001001110011110110111011110010110100010000101001010
10011100110011100101011100101000010011111101111001101100101010101111111111100011001011
10110010100010011100100000010010000011011100010011010011100000010010100000110111100001
01001001111010010000011011011100100101010110001100110001111001110110000101101010110100
01100110101011110100100011000000111000111000100110100101000100101110100101111001110011
01011011111000010000000001011011001100011111000001111110110100100010101110101101011010
01111111001010100101010110011111011110010001101101111111111011000011000010100000001011
11100000100110010111101011101011001101110111101010110010100000110110010110000101110010
00011000110000011000101011100000110010101111011110100000000100010001100000011111011011
10101001011000000111001101010000001110100001000000101111001000001100011010100101100011
01001011010101101111000010010100001010111101011011101100011001010011101111001011110010
10110110111100101011100111010011010110000111000111100111101111011101110001001010101100
11111011000101101010111101010010110101011001100100010010110000111010100111001010111001
01100111011110010000010011110101100101100011001100000001101100100111100101000011100110
01010000100100110001001110101000111111110001110001111111010000000100001111111011011000
01100010101001111000000100111111010001001010100011111001100001100110000101100101100001
10000111110011100100110101111100001000011001100101011111010101001101011000011111110000
11001100010011101100110110000110101101111111101000100100100001010001100000011001010111
11000110000110101011111001001000100001110101111001010001110000010110110110010111011000
10111111011111011100010101111110111010110100110111000101011011001000000111000010011011
10010111010011111001010111110110010110001111100000001100110110000001100000011011001110
10101110011111101101110100100101110010111010011101111101011000010110100111001000011110
10010000000001110111110010000011110011000101100001110101100111110111110000000010011001
10001111100011000011010110100101111100010111011101010001000010110011010010101110100100
01000111010101001010101011001101011010001100011100001001111000000000011010101100110111
11011111100001001010110001110000101001011001100010100010111101101110111001100111100100
00001001101010011011001000101000011100101010000111001100101001101001111011001111010111
00010101101001101101110100110001011110111000011100101000011010110110100000011000000000
11011111111011111010110100011100101111000100010100011101001101010111010011010010011001
11011101011110110001111010101101001011111001011010101000000000111111001011110100100010
11110110011001010010110101000000111000101110100100100001001011110000101100011001110100
01011101110101011101101110110011011001000011111100100010011111010101010000011000001100
00101001000000110101100000100101100101111110111101000000111101110010011000110110001110
10010011111111011000011000110110010011001110110111011010001111011011100111100001010111
10001111111001110110001000011010010101000101010100101100100000110010000011100101010100
10111110001010011110011001010111001101001111010011001000000110000011010010001101100000
11010101100011001100001111001000100101001011010010111001111101110001001110101001100010
11110000011111011000101010101100000100000110000001010111001100101100001110100111000110
10001101100011100101000010110101101111011100101111100011011100010000110001110110101010
10011100001111110100010101111110001111011110011101111100010011100110111110110011111110
11100101010100110010011110000111001111110101001011000110100010111110110010110000111011
00100000101001110011000111110000001011110101100111100010001000001110101111001001000011
10010010111000111100110111111011101111111011101011010111100111010010100101101100011000
11001101001111000001010100111100101010100101100100110101011010101011011011111001011100
00010001010011101100111111111000000000010111010010010011111001111111000000001101110000
11011101111010101111011101000110100011110111110101010111010110011001101111001101011001
00110101111110000000000011111001110000111101001011100110011100100000110001011000101101
10010110000011101110111011000101110100111011010101110100111100010100110111111101110010
01100110011001010011001111000100010001011010000001010011110110011011011001000010011110
01100001011100011110010011011011101011110010011110000100001101010100010110101101010111
00001011000000000001111010011110100110001011000101011100000011000001111110000110011100
01001100011000111110100110110010100101011100100000011100010010001110011011011010010010
10000101101101101010100011011001100001111101110100100001101100001110010011001111000110
01011101100011000011011110100100011100010111100100000001011001000011010000111011011000
00100101001101011111110000100101000001011011001111100111001000101001101000110001011011
00100100100000100100110110001100111001101010011000000000100111011101100010111010010101
10111000101001101001111010001110100100101011110111101010101010111100000111101101101100
00000011000001000100000101010010101011001000001001001001110011010000001100101111100001
10001011011000100011101100110110010001010110110110111010110100100010111111111001001010
11101101011000101100010100111011011100011101110101000010000011110000111000011101100101
00010110111101110101110001010010101011001010010110111101100001010010101010001000001001
11000001010011010000010000100010011011101111011000000011111110100000011100101100010010
11110000011111111001001111101101110110101000001000001101010011100100011010010000111001
01010001101000001010000100011100100100001000011011011011111011110001010110010111110111
11110110101011110101101111110100111101010010001000001100010110110000111000000100000001
11110100011011101110000010011111011110001010011110001001000110001001101001000100011110
00110110000000001101100010010100110111001101101111111000001000001011101011001011100001
01100110110110101100111111001000011011110100111100100001100111111100010111000000110101
11000100101110010111010001011110000010000010010011011110011001100010000000100010100110
10011100001111111010001101011101110110101110101111110010000110110011000101011111010011
01110011101100101100100001000001100000001100110100011000010010000011001011000011010100
11000100110000111011000101110110010011101111010101011100001100110101010000100100000010
10111010100000101101110100000000001110100010101000000110100101100011111101110001111101
01010001000110101000101101111010110110001011001011101011010111010001100110000100000110
10110111100100101100111100110111100100101110100110000010100011100000000000010000101010
11001110000111111010111011011001100100110001100111011010100100000010001001000111011101
01100000100000001001001010001000001011111011000101101010010010101010000011100001110111
00110011011101001100110001100000001111011010101111011110101010011110101110010101001010
00110111011101101110010000001111111011111111000110111011100110100100111110110100011010
00101100011111011101010111001011101000001010001100010010101111111111110111101001011110
00110010111100101111011100000111101010101111000111010001011100101001001001001011000110
10000001010011111110111110001101100110001010101011011101110011110011100001001100011100
11100110001101000000101011000111000010100111000011110100100000100100001101001111100000
10001110111111001000100101111101010010001001001110000100111000100101011111111001101111
00101001010111100000001010110011010000110110100000001101101110110000001010000011111010
10001010111010100011101101101001010101010100110010000111100100110001010011011111011111
01111000010101000110001100111111011010111100101110110000111001001000011110110101100100
00100101100001000110111100101001100100110111001010101110100101000101101011101010001000
00011000001000011010101110010001111010000001110011110000000111100000100010111011110101
01001111100101010011001100010000000011101111100011001101101110101101100011100000111110
00110110111000111100000110111111010100011000000110010000000011100111010001110000111010
01000101100110011000010010001110110111110100000110101110110001010111111110010000101010
10001110110110001110001010110110011010010000010100101101010101010100011110110011010010
00011111101100010110011100100100001010011101000010111110011100100111001010100011111010
11110101100101110111001000000100001110011011010100000111100011010111011010111100110010
10010000000000100101010101110110000101101111101011100101000100100110011101100001101101
00100110001101000111111011101101110001010010000000110101111101111001110011001000101010
10000110101000101000010100111110111000010011111010000001101100111010110001110001011011
01010000110011111011110000100010100000001110001110111010001010111100001010001011100011
01100101100110111111001001100001111100010001010011011100111111001100000101010101101110
01111001101011111011111000001100001101101100001100001011101001001100001111110110100111
00101110111000010101101101010001001001010010111001000111011011010111001101101101101000
11110011011000111100010101011000111011000101111110111000110001001101011000111011001011
00101011001010001010111010001010100111001100101101100110111100010011000010100010110001
00010011010011010000101100101001110110111111011101100111001111011011011001001001110011
11101110111010011101000011001001101001010100011111010110011000111101101001000000001101
00101011000110011000111000010010100101001110110000000010110000011001111110100110001101
# s^transpose
10101011111100110000100010000101110000001110111001011101111001000000001100000100000101
